CustomNet
             precision    recall  f1-score   support

           0       0.94      0.95      0.95      1744
           1       0.94      0.97      0.96      5099
           2       0.96      0.94      0.95      4149
           3       0.90      0.91      0.90      2882
           4       0.96      0.94      0.95      2523
           5       0.94      0.91      0.93      2384
           6       0.90      0.92      0.91      1977
           7       0.94      0.94      0.94      2019
           8       0.95      0.87      0.91      1660
           9       0.88      0.94      0.91      1595

    accuracy                           0.93     26032
   macro avg       0.93      0.93      0.93     26032
weighted avg       0.94      0.93      0.93     26032

CustomNet2
              precision    recall  f1-score   support

           0       0.94      0.95      0.94      1744
           1       0.95      0.96      0.96      5099
           2       0.96      0.96      0.96      4149
           3       0.95      0.86      0.90      2882
           4       0.96      0.96      0.96      2523
           5       0.93      0.95      0.94      2384
           6       0.92      0.94      0.93      1977
           7       0.95      0.93      0.94      2019
           8       0.94      0.91      0.92      1660
           9       0.84      0.94      0.89      1595

    accuracy                           0.94     26032
   macro avg       0.93      0.93      0.93     26032
weighted avg       0.94      0.94      0.94     26032